W
1.532
2.024
2.516
3.084
3.64
4.36
4.918
5.616
6.25
6.972
7.694
8.234
8.874
1.532
2.024
2.516
3.214
3.934
4.656
5.376
5.944
6.484
7.042
7.598
8.238
8.872
1.28
6.292
6.78
7.272
7.992
8.712
9.114
9.416
10.008
10.384
10.704
11.024
1.28
6.292
6.612
7.206
7.926
8.33
8.65
9.37
9.862
10.35
10.654
10.97
1.28
6.292
7.012
7.732
8.048
8.352
8.672
8.992
9.396
9.888
10.376
10.97
V
3.8
4
4.2
4.33
4.47
4.57
4.62
4.69
4.74
4.78
4.82
4.85
4.87
3.9
4.07
4.22
4.36
4.49
4.6
4.67
4.72
4.78
4.8
4.81
4.83
4.86
3.635
4.77
4.79
4.82
4.85
4.88
4.92
4.93
4.93
4.94
4.94
4.95
4.22
4.775
4.8
4.825
4.85
4.87
4.89
4.905
4.92
4.935
4.94
4.95
4.22
4.775
4.8
4.85
4.86
4.87
4.88
4.89
4.9
4.91
4.925
4.945
