
2.1945
2.3265
2.3021
2.2874
2.3412
2.3656
2.3705
2.2972
2.2678
2.3656
2.4389
2.2678
2.3509
2.5171
2.5904
2.6540
2.5513
2.5904
2.7761
2.8152
2.8592
2.9374
2.9326
2.9277
3.1036
2.9619
3.0303
3.0645
2.9863
3.0254
3.2209
3.1965
3.2454
3.3187
3.3724
3.3138
3.4848
3.4800
3.4409
3.4848
3.5093
3.5191
3.5777
3.5777
3.6950
3.7977
3.7146
3.7928
3.9101
3.7781
3.8710
3.8319
3.9101
3.9980
3.8905
3.9101
3.9296
3.9247
4.0567
4.0274
4.0371
4.0665
4.0860
4.1251
4.1300
4.1447
4.1789
4.1935
4.2180
4.2424
4.2766
4.3157
4.3060
4.3353
4.3402
4.3451
4.3793
4.3793
4.4233
4.4086
4.4330
4.4379
4.4233
4.4379
4.4526
4.4477
4.4624
4.4526
4.4624
4.4917
4.5015
4.4868
4.4868
4.4819
4.4966
4.4966
4.4770
4.4575
4.4624
4.4428
4.4282
4.4086
4.3744
4.3500
4.2815
4.2424
4.1935
4.1740
4.1593
4.1887
4.1740
4.1398
4.1007
4.0127
4.0176
3.9932
3.9492
3.9345
3.8905
3.8856
3.8759
3.7928
3.8123
3.7732
3.7146
3.6755
3.7146
3.7341
3.6461
3.6266
3.6364
3.4995
3.5875
3.3724
3.5337
3.4066
3.4213
3.3333
3.2845
2.9717
3.0108
3.0303
3.0108
2.9032
2.8348
2.5220
2.4780
2.3949
2.3509
2.1848
2.1848
2.1359
1.8768
1.8719
1.7742
2.3949
1.6276
1.6129
1.3881
1.2610
1.3245
1.2414
1.2072
1.1730
1.1681
1.1535
1.0899
0.9238
0.7283
0.8553
0.7576
0.8162
0.8358
0.7380
0.6403
0.6989
0.6354
0.4497
0.4399
0.2981
0.4545
0.3470
0.4008
0.4643
0.4936
0.4741
0.4399
0.4545
0.3617
0.2346
0.3861
0.4203
0.3226
0.3275
0.5083
0.4252
0.2981
0.3812
0.3666
0.3470
0.3715
0.3959
0.2786
0.4008
0.4350
0.3763
0.4448
0.2737
0.3128
0.2981
0.4594
0.4057
0.3275
0.4106
0.4350
0.4692
0.4203
0.3324
0.3910
0.3861
0.4008
0.3568
0.4936
0.4057
0.4350
0.4154
0.4154
0.4154
0.4154
0.3763
0.2884
0.3910
0.4252
0.4106
0.4301
0.2884
0.3226
0.2933
0.3568
0.3421
0.2835
0.3275
0.3715
0.3812
0.4008
0.4008
0.4252
0.3617
0.3715
0.3666
0.3519
0.3177
0.3519
0.3421
0.3812
0.3666
0.3666
0.3372
0.3128
0.2590
0.2884
0.2884
0.2639
0.2981
0.3226
0.2639
0.3666
0.2981
0.2444
0.3519
0.3421
0.2884
0.2444
0.2297
0.3324
0.2884
0.2199
0.2835
0.3128
0.3030
0.3763
0.3128
0.3372
0.3812
0.2835
0.3079
0.3470
0.3470
0.3421
0.4350
0.3519
0.3079
0.3372
0.3177
0.3470
0.2835
0.2493
0.3519
0.4008
0.4252
0.3275
0.4497
0.5181
0.5376
0.4448
0.7136
0.4985
0.5376
0.5914
0.5425
0.6891
0.8113
0.8065
1.0850
1.2659
1.2317
1.5445
1.3441
1.4272
1.5103
1.7400
1.7791
1.9501
2.2092
2.1945
1.9795
2.1799
2.2483
2.2141
2.3705
2.4487
2.5318
2.5855
2.6002
2.5415
2.8104
2.7224
2.7175
2.8397
2.9472
2.9570
3.0938
3.0401
3.0596
3.1085
3.1085
3.1183
3.0890
3.1769
3.1672
3.2356
3.3040
3.3431
3.4457
3.2991
3.3529
3.3724
3.5337
3.6364
3.5679
3.4848
3.5337
3.4897
3.5777
3.5582
3.5679
3.5973
3.6168
3.6364
3.6461
3.6510
3.6852
3.7195
3.8123
3.8319
3.8074
3.7781
3.8025
3.8710
3.8319
3.8123
3.8905
3.9492
3.8905
3.9296
3.9101
3.9101
3.8710
3.9101
3.9492
3.9492
3.9492
3.9492
4.0078
3.9883
4.0274
4.0078
4.0371
4.0665
4.1447
4.1838
4.1691
4.1056
4.1202
4.1105
4.1056
4.1056
4.1349
4.1593
4.1691
4.2473
4.2571
4.2669
4.2913
4.3060
4.3109
4.3206
4.3500
4.3548
4.3402
4.3548
4.3402
4.3891
4.3793
4.4086
4.4282
4.4330
4.4379
4.4575
4.4575
4.4721
4.5015
4.4966
4.5015
4.5210
4.5308
4.5210
4.5455
4.5406
4.5601
4.5552
4.5552
4.5650
4.5797
4.5797
4.5894
4.5992
4.5992
4.6090
4.6090
4.6334
4.6237
4.6383
4.6334
4.6383
4.6432
4.6432
4.6579
4.6530
4.6383
4.6383
4.6383
4.6530
4.6628
4.6628
4.6628
4.6579
4.6530
4.6530
4.6579
4.6579
4.6530
4.6237
4.6237
4.5797
4.5503
4.5210
4.4770
4.4721
4.4330
4.3988
4.3451
4.3109
4.3011
4.2718
4.2326
4.2082
4.1544
4.1447
4.1007
4.1544
4.1105
4.1056
4.0567
4.0860
4.0714
4.0518
3.9834
3.9345
3.8759
3.9101
3.8074
3.7097
3.6657
3.5924
3.6608
3.6413
3.2649
3.2454
3.2649
3.2258
3.2502
2.9326
2.9326
2.7859
2.7126
2.7810
2.6002
2.4194
2.3118
2.3754
2.4047
2.3998
2.6002
2.5660
2.1065
2.0968
1.9062
1.7351
1.5689
1.4809
1.4565
1.5103
1.5103
1.3783
1.3001
1.2366
1.3050
1.1877
1.0899
1.0899
1.0313
0.9922
0.9726
1.0313
0.8895
0.8553
0.9286
0.7576
0.7771
0.7918
0.7185
0.6549
0.6452
0.6403
0.7478
0.6354
0.6109
0.7478
0.7331
0.7722
0.7429
0.7087
0.5914
0.6207
0.6843
0.5718
0.5670
0.5621
0.6109
0.5376
0.4643
0.4741
0.5621
0.4643
0.4106
0.5181
0.4252
0.4692
0.4350
0.4936
0.4106
0.4057
0.4448
0.4594
0.3666
0.3666
0.4497
0.4203
0.4106
0.4839
0.4888
0.5327
0.5474
0.5230
0.5279
0.4057
0.3763
0.4545
0.4154
0.4594
0.4203
0.3715
0.4497
0.3666
0.2493
0.3177
0.3519
0.2933
0.2786
0.3226
0.3177
0.3128
0.2786
0.3324
0.3177
0.3763
0.3324
0.2933
0.2248
0.2737
0.3030
0.3666
0.3715
0.2590
0.2590
0.3275
0.3030
0.3519
0.3421
0.3275
0.3812
0.4301
0.4301
0.3372
0.3421
0.4594
0.4154
0.3421
0.3715
0.3421
0.2933
0.3666
0.3372
0.2933
0.3715
0.3568
0.4057
0.4008
0.3324
0.3470
0.4252
0.4106
0.4448
0.3715
0.4154
0.3568
0.4741
0.4545
0.5132
0.5425
0.6158
0.8407
0.7771
0.7967
0.8407
0.8407
0.8700
1.0411
1.0948
1.0606
0.9629
1.2561
1.4761
1.5689
1.6080
1.8280
1.7155
1.7693
1.9746
2.2239
2.0870
2.2483
2.3314
2.3167
2.5122
2.5513
2.5269
2.6246
2.6100
2.7615
2.8006
2.7761
2.8690
2.8886
2.9912
3.0694
3.2796
3.0743
3.1036
3.1769
3.1818
3.2454
3.3431
3.3040
3.3724
3.4018
3.3627
3.4409
3.4800
3.5191
3.5973
3.6364
3.6510
3.6950
3.6755
3.7341
3.7928
3.8123
3.9101
3.9101
3.8514
3.9198
3.9296
3.9296
3.9687
3.9687
3.9883
3.9883
4.0078
4.0274
4.0469
4.0274
4.0469
4.0323
4.0665
4.0665
4.0714
4.0860
4.0616
4.0860
4.0958
4.0909
4.0958
4.1202
4.1300
4.1300
4.1593
4.1398
4.1349
1.3343
1.3539
1.3343
1.2708
1.3001
1.3099
1.3148
1.3343
1.3099
1.3245
1.3245
1.3050
1.3245
1.3196
1.3245
1.3245
1.4516
1.4321
1.4809
1.5591
1.5103
1.4809
1.6373
1.5103
1.5200
1.4027
1.4027
1.6373
1.6178
1.7644
1.7937
1.7840
1.7546
1.8280
1.8426
1.8133
1.7937
1.7742
1.7546
1.7742
1.8426
1.7937
1.8328
1.7742
1.7155
1.7155
1.7693
1.8328
1.7937
1.7937
1.8524
1.8426
1.8328
1.9110
1.9306
1.9892
2.1065
2.1017
2.3803
2.3900
2.3998
2.4047
2.4487
2.4731
2.5171
2.5269
2.5562
2.5904
2.5904
2.5562
2.5709
2.6051
2.5904
2.6051
2.6100
2.6002
2.6197
2.6246
2.6686
2.6882
2.7028
2.7273
2.7419
2.7615
2.7664
2.7273
2.8152
2.8152
2.8104
2.8201
2.9228
2.8983
2.9179
2.8397
2.7761
2.8055
2.8495
2.9179
2.8983
2.9032
3.0401
2.9570
2.9863
3.0743
3.1672
3.1818
3.0938
3.1281
3.1672
3.1720
3.2600
3.2845
3.2845
3.2649
3.3040
3.3040
3.3236
3.3040
3.3040
3.3627
3.3627
3.4115
3.4018
3.4115
3.4409
3.4457
3.4800
3.4800
3.4604
3.4506
3.4555
3.4800
3.5093
3.4848
3.4800
3.4848
3.5093
3.4751
3.4800
3.4995
3.4995
3.4995
3.5191
3.5288
3.5288
3.5191
3.5582
3.5728
3.5973
3.5973
3.6022
3.6266
3.6559
3.6755
3.6950
3.6950
3.7341
3.7146
3.7341
3.7341
3.7732
3.7537
3.7928
3.7928
3.7928
3.7732
3.7830
3.7928
3.7732
3.7341
3.7537
3.7537
3.7537
3.7732
3.7732
3.7928
3.7928
3.7732
3.7928
3.8025
3.8319
3.8368
3.8514
3.8514
3.8563
3.8661
3.9101
3.9101
3.9101
3.9492
3.9541
3.9687
3.9883
3.9932
3.9932
4.0078
4.0469
4.0274
4.0323
4.0274
4.0420
4.0665
4.0665
4.0958
4.1056
4.1105
4.1202
4.1056
4.1105
4.1202
4.1447
4.1447
4.1398
4.1398
4.1593
4.1935
4.1838
4.1838
4.2131
4.2082
4.2375
4.2033
4.2229
4.2375
4.2424
4.2473
4.2522
4.2718
4.2669
4.2766
4.2815
4.2864
4.3011
4.3060
4.3157
4.3353
4.3304
4.3402
4.3548
4.3597
4.3646
4.3842
4.3939
4.4282
4.4330
4.4282
4.4477
4.4575
4.4721
4.4770
4.4819
4.4868
4.4819
4.4917
4.5064
4.5161
4.5259
4.5210
4.5259
4.5357
4.5357
4.5308
4.5161
4.5308
4.5259
4.5259
4.5308
4.5357
4.5503
4.5406
4.5308
4.5455
4.5308
4.5357
4.5455
4.5503
4.5552
4.5552
4.5601
4.5846
4.5846
4.5699
4.5748
4.5797
4.5797
4.5894
4.5797
4.5894
4.5846
4.5894
4.5943
4.5943
4.6139
4.5943
4.6090
4.6090
4.6139
4.6188
4.6188
4.6237
4.6237
4.6530
4.6383
4.6334
4.6481
4.6432
4.6432
4.6481
4.6676
4.6579
4.6628
4.6725
4.6725
4.6823
4.6823
4.6970
4.7019
4.6872
4.6823
4.7019
4.6872
4.6921
4.7019
4.7019
4.7067
4.7019
4.7116
4.7116
4.7116
4.7165
4.7214
4.7361
4.7165
4.7263
4.7361
4.7263
4.7458
4.7361
4.7312
4.7410
4.7361
4.7410
4.7361
4.7507
4.7605
4.7458
4.7507
4.7507
4.7410
4.7605
4.7458
4.7507
4.7507
4.7605
4.7605
4.7556
4.7605
4.7752
4.7605
4.7801
4.7654
4.7703
4.7752
4.7703
4.7801
4.7752
4.7801
4.7849
4.7752
4.7898
4.7849
4.7947
4.7947
4.7947
4.7898
4.8045
4.7947
4.7947
4.7947
4.8045
4.7996
4.8143
4.8143
4.7996
4.8094
4.8143
4.8045
4.8192
4.8240
4.8143
4.8192
4.8289
4.8192
4.8240
4.8240
4.8289
4.8387
4.8289
4.8387
4.8289
4.8387
4.8192
4.8192
4.8289
4.8192
4.8192
4.8143
4.8240
4.8192
4.8192
4.8143
4.8143
4.8192
4.8192
4.8192
4.8387
4.8240
4.8338
4.8289
4.8338
4.8240
4.8289
4.8289
4.8289
4.8289
4.8289
4.8240
4.8240
4.8289
4.8289
4.8289
4.8338
4.8436
4.8436
4.8436
4.8387
4.8338
4.8289
4.8338
4.8338
4.8436
4.8387
4.8338
4.8485
4.8534
4.8436
4.8387
4.8485
4.8485
4.8387
4.8436
4.8436
4.8583
4.8485
4.8485
4.8534
4.8436
4.8485
4.8583
4.8534
4.8631
4.8729
4.8534
4.8631
4.8680
4.8583
4.8631
4.8631
4.8583
4.8729
4.8583
4.8778
4.8778
4.8680
4.8631
4.8631
4.8631
4.8827
4.8729
4.8680
4.8778
4.8729
4.8680
4.8778
4.8778
4.8583
4.8583
4.8534
4.8631
4.8534
4.8485
4.8485
4.8583
4.8387
4.8436
4.8485
4.8485
4.8338
4.8289
4.8289
4.8289
4.8192
4.8094
4.8192
4.8094
4.8045
4.7996
4.7898
4.7898
4.7947
4.7654
4.7654
4.7605
4.7556
4.7605
4.7458
4.7361
4.7214
4.7067
4.6872
4.6774
4.6725
4.6628
4.6530
4.6383
4.6334
4.6188
4.6237
4.5894
4.5797
4.5650
4.5503
4.5259
4.5210
4.4966
4.4770
4.4477
4.4233
4.3744
4.3500
4.3304
4.2815
4.2718
4.2669
4.2522
4.2229
4.1887
4.1887
4.1642
4.1398
4.0958
4.0518
4.0078
3.9443
3.8710
3.8368
3.7879
3.7683
3.7341
3.6999
3.6755
3.6755
3.6364
3.5973
3.5582
3.5582
3.5093
3.4995
3.4604
3.4457
3.4018
3.3920
3.3529
3.3333
3.2942
3.2551
3.1867
3.1281
3.0890
3.0596
3.0352
3.0890
3.0401
3.0303
2.9912
3.0303
2.9423
2.9326
2.9179
2.8739
2.8446
2.8543
2.8495
2.8299
2.8348
2.8641
2.8886
2.8739
2.8739
2.8788
2.8592
2.8299
2.7370
2.7468
2.6931
2.6931
2.6735
2.6979
2.6686
2.6442
2.6295
2.6246
2.6246
2.6197
2.5806
2.5806
2.5269
2.4927
2.5318
2.5073
2.4878
2.4829
2.4487
2.4536
2.4829
2.4340
2.4291
2.6833
2.5269
2.5220
2.4976
2.5073
2.4878
2.4927
2.4829
2.4927
2.4340
2.4242
2.4536
2.4438
2.3900
2.3363
2.3851
2.3069
2.3069
2.2874
2.2678
2.2287
2.3363
2.3118
2.2825
2.3021
2.2874
2.3460
2.2825
2.3509
2.2776
2.2825
2.1505
2.1652
2.1554
2.2190
2.2043
2.2336
2.2385
2.2190
2.2043
2.1457
1.9941
2.0039
2.0332
1.9844
1.9404
1.9795
1.9208
1.8817
1.7937
1.8866
1.8866
1.9110
1.8622
1.8377
1.8719
1.5298
1.6178
1.6911
1.6960
1.7742
1.8328
1.7107
1.6080
1.5200
1.5200
1.4027
1.3539
1.3490
1.2463
1.3050
1.3050
1.3245
1.2268
1.3196
1.3050
1.3636
1.3392
1.3587
1.3636
1.4272
1.3930
1.4321
1.4027
1.4418
1.3930
1.4418
1.4223
1.4418
1.4418
1.4809
1.4418
1.4418
1.4418
1.4712
1.4614
1.4418
1.3099
1.2463
1.2023
1.1095
1.1095
1.1144
1.0508
1.0117
0.9335
0.9677
0.8944
0.8162
0.9140
0.7771
0.6989
0.7331
0.7331
0.7625
0.6794
0.7478
0.9531
0.9433
0.8651
0.8895
0.8260
0.8407
0.7967
0.7283
0.8016
0.7967
0.8553
0.8847
0.8602
0.8504
0.9726
0.9042
0.8944
0.8211
0.7576
0.7771
0.7918
0.7820
0.7136
0.6696
0.7234
0.6843
0.7331
0.8065
0.7918
0.7869
0.8065
0.7087
0.6598
0.7918
0.7038
0.8162
0.7478
0.8162
0.9384
1.0753
1.3734
1.3930
1.3832
1.4272
1.4858
1.4809
1.5103
1.5396
1.5591
1.4956
1.5494
1.4418
1.4809
1.7155
1.7107
1.5738
1.6764
1.7937
1.6764
1.7351
1.6960
1.6276
1.8719
1.8524
1.8866
1.9062
2.1163
2.1457
2.1261
2.1799
2.2092
2.1848
2.2239
2.3216
2.4096
2.4047
2.3265
2.3558
2.5562
2.6295
2.6588
2.7175
2.6735
2.8495
2.9081
2.8837
2.9668
3.0205
3.0303
3.0743
3.1378
3.1867
3.1916
3.2600
3.2845
3.3236
3.2942
3.3236
3.3529
3.3431
3.3627
3.4018
3.4409
3.4995
3.5191
3.5239
3.5582
3.5728
3.5630
3.5973
3.6119
3.6364
3.6755
3.7292
3.7537
3.8025
3.8123
3.8710
3.9101
3.9687
3.9883
4.0371
4.0274
4.0371
4.0714
4.1056
4.1251
4.1447
4.1544
4.1984
4.1887
4.2180
4.2522
4.2620
4.2913
4.3109
4.3402
4.3353
4.3548
4.3548
4.3695
4.3744
4.3793
4.3988
4.3988
4.4086
4.4086
4.4184
4.4282
4.4477
4.4282
4.4575
4.4477
4.4526
4.4575
4.4624
4.4526
4.4770
4.5015
4.4917
4.5064
4.5064
4.5161
4.5308
4.5357
4.5503
4.5699
4.5650
4.5846
4.5943
4.6041
4.5992
4.5992
4.6188
4.6383
4.6334
4.6481
4.6676
4.6530
4.6676
4.6823
4.6921
4.7019
4.6970
4.7116
4.7116
4.7116
4.7116
4.7116
4.7165
4.7214
4.7361
4.7263
4.7361
4.7410
4.7507
4.7605
4.7556
4.7507
4.7605
4.7605
4.7703
4.7654
4.7752
4.7898
4.7947
4.7849
4.7898
4.7849
4.7849
4.7801
4.7947
4.7849
4.7947
4.8094
4.7947
4.7996
4.8143
4.7947
4.7996
4.8045
4.8094
4.8143
4.7996
4.7947
4.8143
4.8094
4.7898
4.7849
4.7849
4.7849
4.7752
4.7703
4.7703
4.7849
4.7654
4.7556
4.7654
4.7654
4.7703
4.7703
4.7801
4.7996
4.7947
4.7898
4.8045
4.7898
4.7947
4.7947
4.7996
4.7996
4.7996
4.8143
4.8143
4.8094
4.8143
4.8192
4.8192
4.8192
4.8192
4.8289
4.8289
4.8387
4.8143
4.8192
4.8143
4.8143
4.8192
4.8143
4.8192
4.8192
4.8143
4.8192
4.8240
4.8240
4.7996
4.7947
4.7947
4.7898
4.7849
4.7898
4.7703
4.7654
4.7654
4.7801
4.7703
4.7507
4.7507
4.7507
4.7263
4.7116
4.6970
4.6823
4.6530
4.6188
4.5894
4.5552
4.5112
4.4575
4.3988
4.3402
4.3109
4.2669
4.1642
4.0958
4.0225
3.9198
3.8172
3.6657
3.5728
3.4164
3.1281
2.9570
2.6931
2.5171
2.3558
2.2630
2.0283
1.8964
1.8084
1.6422
1.5103
1.4516
1.6422
1.6080
1.6716
1.5787
1.8280
1.5200
1.7449
1.1241
1.1193
1.1388
1.0753
0.8749
0.8749
1.0899
0.9824
0.8944
0.9140
0.9629
0.9140
0.8407
0.8798
0.9140
0.8700
0.9531
0.8407
0.8798
0.8602
0.7136
0.8407
0.7869
0.7820
0.7576
0.7820
0.7820
0.8309
0.8553
0.9629
0.9189
0.9189
0.8798
0.7918
0.7918
0.7967
0.7771
0.9677
0.8065
0.8358
0.7967
0.7967
0.8456
0.8553
0.8504
0.8651
0.8456
0.8358
0.7967
0.9091
0.9189
0.9189
0.9335
0.9189
0.9140
0.7576
0.8993
0.8016
0.8504
0.7869
0.7380
0.8016
0.7038
0.7136
0.7283
0.7283
0.7136
0.7478
0.7136
0.7967
0.7331
0.7136
0.7038
0.8651
0.9873
0.9238
1.2121
1.3294
1.3196
1.5885
1.5982
1.9648
1.9355
2.1701
2.3949
2.5953
2.7273
2.8641
2.9765
3.1476
3.2551
3.4457
3.4457
3.4848
3.5582
3.6266
3.6755
3.7732
3.8416
3.9150
4.0274
4.0274
4.0274
4.0665
4.1838
4.1838
4.1056
4.1838
4.2082
4.2424
4.2522
4.2766
4.2864
4.3157
4.3206
4.3500
4.3500
4.3402
4.3451
4.3255
4.3206
4.3451
4.3548
4.3891
4.3988
4.3988
4.4282
4.4575
4.4575
4.4575
4.4868
4.5015
4.5015
4.5308
4.5210
4.5552
4.5699
4.5601
4.5748
4.5943
4.6041
4.5943
4.6139
4.6090
4.6383
4.6237
4.6334
4.6383
4.6432
4.6579
4.6481
4.6530
4.6579
4.6579
4.6676
4.6676
4.6774
4.6823
4.6823
4.6970
4.6872
4.6872
4.6970
4.6921
4.6970
4.7019
4.7067
4.7067
4.7116
4.7312
4.7165
4.7214
4.7263
4.7214
4.7263
4.7410
4.7410
4.7312
4.7361
4.7214
4.7214
4.7361
4.7214
4.7410
4.7312
4.7263
4.7410
4.7361
4.7410
4.7410
4.7507
4.7507
4.7507
4.7507
4.7507
4.7703
4.7507
4.7507
4.7556
4.7507
4.7703
4.7703
4.7605
4.7556
4.7605
4.7752
4.7654
4.7654
4.7654
4.7752
4.7605
4.7605
4.7801
4.7605
4.7703
4.7654
4.7556
4.7752
4.7556
4.7507
4.7556
4.7507
4.7605
4.7703
4.7507
4.7507
4.7458
4.7507
4.7410
4.7556
4.7458
4.7703
4.7507
4.7507
4.7605
4.7556
4.7507
4.7507
4.7507
4.7507
4.7507
4.7507
4.7556
4.7507
4.7605
4.7752
4.7556
4.7605
4.7752
4.7752
4.7605
4.7654
4.7703
4.7703
4.7752
4.7752
4.7703
4.7801
4.7654
4.7654
4.7801
4.7703
4.7654
4.7654
4.7605
4.7752
4.7556
4.7605
4.7556
4.7605
4.7556
4.7801
4.7654
4.7556
4.7605
4.7361
4.7312
4.7214
4.7116
4.7067
4.7067
4.6872
4.6872
4.6725
4.6725
4.6139
4.6139
4.6041
4.6139
4.5894
4.5552
4.5406
4.5308
4.5161
4.5210
4.5161
4.4379
4.4233
4.3793
4.3695
4.3206
4.2815
4.2864
4.2278
4.1251
4.0811
4.0225
3.9296
3.8954
3.8368
3.7439
3.6608
3.5630
3.4555
3.3382
3.3284
3.3040
3.2454
3.1916
3.1183
3.2454
2.9717
3.0205
2.8837
2.7664
2.7175
2.6442
2.5806
2.5171
2.4682
2.3998
2.4047
2.4340
2.4976
2.5122
2.4096
2.3069
2.3705
2.3558
2.3069
2.1750
2.2092
2.3509
2.3363
2.2630
2.2483
2.1945
2.1896
2.1114
2.1114
2.1408
2.1408
2.1652
2.2092
2.1603
2.1457
2.1408
2.1114
2.0430
2.0039
1.8915
1.8035
1.8231
1.8426
1.8524
1.7253
1.8328
1.7742
1.7253
1.6569
1.6373
1.6520
1.5982
1.7302
1.6764
1.7253
1.7546
1.6569
1.6178
1.5982
1.5494
1.4614
1.5494
1.5396
1.4027
1.2659
1.3099
1.1144
1.0508
1.0899
1.1877
1.0313
0.9531
0.8162
0.7771
0.8162
0.7967
0.7185
0.8553
0.8016
0.8162
0.8162
0.7625
0.7869
0.7967
0.8358
0.7674
0.8113
0.7234
0.7771
0.7918
0.8162
0.8456
1.0215
1.1144
1.0411
1.3196
1.5494
1.8280
1.8084
1.8377
1.8328
1.9013
1.7840
1.7937
1.8719
1.9110
1.9795
1.9404
2.6051
2.5611
2.7468
2.8837
2.9765
3.0010
3.0890
3.0938
3.1232
3.1574
3.1623
3.2063
3.2454
3.3089
3.3627
3.3822
3.4604
3.4995
3.5728
3.6413
3.6755
3.7732
3.8221
3.8025
3.8319
3.8319
3.8856
3.9296
3.9687
4.0274
4.0665
4.1153
4.1251
4.1642
4.1838
4.2229
4.2229
4.2864
4.2913
4.3206
4.3206
4.3597
4.3891
4.4037
4.4184
4.4428
4.4526
4.4770
4.5112
4.5259
4.5259
4.5503
4.5406
4.5455
4.5601
4.5699
4.5992
4.6090
4.6139
4.6334
4.6334
4.6237
4.6285
4.6383
4.6530
4.6481
4.6579
4.6676
4.6921
4.6774
4.7116
4.7312
4.7312
4.7361
4.7361
4.7361
4.7410
4.7654
4.7703
4.7849
4.7801
4.7996
4.7996
4.7996
4.8094
4.8192
4.8240
4.8387
4.8289
4.8338
4.8436
4.8534
4.8534
4.8631
4.8631
4.8680
4.8729
4.8778
4.8778
4.8974
4.9022
4.8974
4.9022
4.9071
4.9218
4.9120
4.9120
4.9169
4.9218
4.9218
4.9365
4.9462
4.9267
4.9316
4.9316
4.9316
4.9609
4.9365
4.9462
4.9413
4.9365
4.9413
4.9511
4.9511
4.9560
4.9707
4.9609
4.9707
4.9609
4.9609
4.9756
4.9756
4.9658
4.9707
4.9658
4.9853
4.9902
4.9756
4.9756
4.9804
4.9853
4.9951
4.9902
4.9951
5.0000
4.9902
4.9853
5.0000
4.9951
4.9951
4.9951
5.0000
4.9804
5.0000
5.0000
4.9951
5.0000
5.0000
5.0000
4.9853
5.0000
4.9853
4.9804
5.0000
4.9951
4.9951
4.9804
5.0000
4.9853
5.0000
5.0000
4.9951
5.0000
5.0000
5.0000
4.9951
5.0000
4.9853
4.9804
5.0000
4.9951
4.9902
4.9853
5.0000
4.9951
5.0000
5.0000
4.9951
5.0000
5.0000
5.0000
4.9951
5.0000
4.9853
4.9853
5.0000
4.9902
4.9951
4.9951
5.0000
4.9951
5.0000
5.0000
4.9853
5.0000
5.0000
5.0000
4.9902
5.0000
4.9853
4.9902
5.0000
4.9951
5.0000
4.9951
5.0000
4.9853
5.0000
5.0000
4.9853
4.9951
4.9658
4.9756
4.9462
4.9316
4.9267
4.8631
4.8827
4.8436
4.8338
4.7898
4.7654
4.7361
4.7214
4.6872
4.6628
4.6285
4.6188
4.5797
4.5503
4.4721
4.4135
4.3500
4.3206
4.2375
4.1642
4.0616
4.0029
3.9198
3.8270
3.7537
3.6608
3.7097
3.6804
3.6315
3.6168
3.4800
3.4018
3.2209
3.3236
3.2063
3.0205
2.9521
3.0596
2.9619
2.8788
2.8690
2.8788
2.8935
2.8983
2.8397
2.8152
2.6979
2.8201
2.9032
2.8543
2.8446
2.7615
2.6882
2.6540
2.4633
2.4487
2.4242
2.4585
2.5709
2.6002
2.5024
2.5220
2.4829
2.4976
2.5220
2.5660
2.3460
2.1945
2.0088
2.4976
1.8866
1.7595
1.6569
1.5934
1.5445
1.6716
1.5640
1.6227
1.5396
1.4907
1.3978
1.4223
1.4565
1.5200
1.4418
1.4125
1.2854
1.3734
1.3881
1.3441
1.3636
1.4418
1.3245
1.4418
1.3636
1.4614
1.5200
1.3881
1.4223
1.3978
1.4809
1.4809
1.4809
1.5885
1.5298
1.6276
1.5591
1.5787
1.5982
1.6569
1.6764
1.8719
1.9648
2.0235
2.1261
2.1994
2.2825
2.3216
2.3998
2.4731
2.4927
2.5904
2.7566
2.8592
3.0694
3.1476
3.1720
3.4848
3.5533
3.5728
3.6364
3.7146
3.7537
3.8465
3.7781
3.8465
3.9150
3.9687
4.0274
4.1056
4.1447
4.1838
4.2033
4.2815
4.2718
4.3060
4.3451
4.4037
4.3988
4.4233
4.4428
4.4721
4.4868
4.5112
4.5357
4.5650
4.5894
4.6139
4.6090
4.6237
4.6334
4.6481
4.6530
4.6628
4.6774
4.6872
4.7067
4.7263
4.7116
4.7214
4.7361
4.7458
4.7361
4.7361
4.7507
4.7507
4.7556
4.7605
4.7654
4.7752
4.7801
4.7898
4.7898
4.8143
4.8045
4.8143
4.8045
4.8094
4.8192
4.8240
4.8240
4.8240
4.8289
4.8338
4.8485
4.8387
4.8436
4.8436
4.8338
4.8436
4.8436
4.8583
4.8534
4.8729
4.8485
4.8631
4.8631
4.8631
4.8680
4.8778
4.8778
4.8680
4.8778
4.8827
4.8876
4.8778
4.8778
4.8827
4.8974
4.8876
4.8925
4.8925
4.9071
4.9071
4.9120
4.9120
4.9169
4.9169
4.9169
4.9218
4.9218
4.9267
4.9316
4.9267
4.9316
4.9511
4.9267
4.9316
4.9316
4.9267
4.9267
4.9365
4.9462
4.9365
4.9413
4.9462
4.9511
4.9413
4.9413
4.9560
4.9462
4.9609
4.9462
4.9462
4.9560
4.9462
4.9462
4.9462
4.9511
4.9658
4.9658
4.9707
4.9756
4.9804
4.9560
4.9609
4.9707
4.9609
4.9609
4.9560
4.9560
4.9804
4.9609
4.9511
4.9462
4.9658
4.9365
4.9365
4.9267
4.9169
4.9120
4.9071
4.8778
4.8631
4.8583
4.8240
4.8094
4.7849
4.7263
4.6970
4.6481
4.6285
4.5699
4.5455
4.5015
4.4477
4.3891
4.3451
4.2815
4.2326
4.1740
4.1349
4.0714
4.0176
4.0078
3.9150
3.8368
3.7683
3.7048
3.6413
3.5875
3.4800
3.3969
3.2649
3.4018
3.3236
3.2111
3.2111
3.1525
3.2063
3.1085
3.0108
3.2649
3.2356
2.8250
2.7615
2.6393
2.5855
2.9472
2.9912
2.5758
2.4829
2.2874
2.1310
2.1017
1.8964
1.8671
1.7058
1.7302
1.5347
1.6129
1.6373
1.5738
1.6276
1.6373
1.6178
1.5200
1.4418
1.3636
1.3441
1.3539
1.3245
1.0899
1.1486
1.2317
1.1681
1.2659
1.2854
1.3050
1.2805
1.3050
1.3734
1.3245
1.3636
1.3245
1.3832
1.3832
1.4614
1.5054
1.3978
1.4663
1.5885
1.6227
1.6227
1.6911
1.7155
1.7595
1.8133
1.7742
1.7546
1.8133
1.9110
2.0479
2.0577
2.1603
2.1212
2.0870
2.1652
2.0723
2.0772
1.9990
2.0723
2.1261
2.2043
2.2336
2.3118
2.2874
2.3021
2.3021
2.4731
2.5709
2.5709
2.6540
2.6931
2.7126
2.7224
2.6931
2.6393
2.6833
2.7664
2.8788
2.7370
2.8397
2.8690
2.7761
2.9228
2.9081
2.8788
2.9179
2.9228
3.0254
3.0987
3.0303
3.0890
3.1134
3.1525
3.2160
3.1818
3.1867
3.3431
3.3627
3.3431
3.3333
3.3627
3.3675
3.3822
3.4018
3.4066
3.4164
3.4409
3.4409
3.4800
3.4604
3.4604
3.4995
3.4995
3.4995
3.5093
3.5191
3.5288
3.5337
3.5679
3.5728
3.6168
3.6266
3.6364
3.6217
3.6364
3.6559
3.6559
3.7146
3.7341
3.7439
3.7634
3.7683
3.7732
3.7732
3.7634
3.7243
3.7537
3.7537
3.7732
3.7732
3.7928
3.8025
3.7977
3.7928
3.8123
3.8123
3.8319
3.8319
3.8319
3.8319
3.8514
3.8465
3.8710
3.8759
3.8710
3.8710
3.8905
3.8905
3.9101
3.9101
3.9101
3.9492
3.9541
3.9541
3.9883
3.9638
3.9492
3.9492
3.9492
3.9638
3.9980
3.9883
4.0078
4.0078
4.0078
4.0078
4.0274
4.0274
4.0274
4.0274
4.0469
4.0567
4.0665
4.0762
4.0762
4.0714
4.0909
4.1056
4.1007
4.1056
4.1447
4.1251
4.1349
4.1349
4.1642
4.1642
4.1691
4.1691
4.1984
4.2180
4.2131
4.1984
4.2131
4.2131
4.2033
4.2033
4.2229
4.2278
4.2229
4.2326
4.2375
4.2473
4.2522
4.2718
4.2620
4.2620
4.2669
4.2620
4.2669
4.2718
4.2815
4.2913
4.2815
4.2815
4.2766
4.2913
4.2815
4.2766
4.2864
4.3109
4.2864
4.2815
4.2864
4.2864
4.3011
4.2962
4.3353
4.3353
4.3548
4.3402
4.3500
4.3548
4.3646
4.3500
4.3548
4.3597
4.3793
4.3548
4.3597
4.3695
4.3548
4.3597
4.3744
4.3646
4.3695
4.3744
4.3793
4.3891
4.3842
4.3842
4.3891
4.3939
4.3939
4.4135
4.3988
4.4086
4.4037
4.4135
4.4135
4.4184
4.4184
4.4282
4.4330
4.4428
4.4624
4.4526
4.4477
4.4673
4.4526
4.4575
4.4673
4.4575
4.4575
4.4721
4.4624
4.4770
4.4966
4.4868
4.5064
4.5015
4.5112
4.5112
4.5259
4.5210
4.5357
4.5406
4.5552
4.5503
4.5552
4.5650
4.5650
4.5797
4.5894
4.5748
4.5748
4.5846
4.5894
4.5846
4.5894
4.6041
4.5943
4.5943
4.5992
4.6139
4.6237
4.6041
4.6139
4.6090
4.6090
4.6139
4.6188
4.6237
4.5992
4.6237
4.6041
4.6090
4.6237
4.6090
4.6139
4.6188
4.6139
4.6188
4.6285
4.6334
4.6285
4.6334
4.6383
4.6383
4.6481
4.6432
4.6432
4.6579
4.6481
4.6530
4.6530
4.6628
4.6579
4.6628
4.6579
4.6530
4.6823
4.6774
4.6628
4.6676
4.6725
4.6579
4.6676
4.6676
4.6725
4.6872
4.6676
4.6823
4.6676
4.6725
4.6725
4.6725
4.6725
4.6921
4.6725
4.6823
4.6774
4.6970
4.6774
4.6872
4.7019
4.6872
4.6970
4.6872
4.6921
4.7165
4.7067
4.7019
4.7116
4.7067
4.7067
4.7067
4.7116
4.7116
4.7165
4.7165
4.7165
4.7214
4.7214
4.7214
4.7214
4.7312
4.7410
4.7361
4.7410
4.7507
4.7312
4.7410
4.7361
4.7361
4.7458
4.7458
4.7507
4.7410
4.7556
4.7605
4.7703
4.7556
4.7556
4.7703
4.7556
4.7605
4.7605
4.7801
4.7654
4.7947
4.7703
4.7703
4.7752
4.7801
4.7849
4.7849
4.7898
4.8045
4.7898
4.7898
4.8094
4.7947
4.8045
4.8143
4.8143
4.8045
4.8143
4.8045
4.7996
4.8240
4.8045
4.8143
4.8045
4.8094
4.8143
4.8143
4.8094
4.8143
4.8143
4.8192
4.8289
4.8143
4.8192
4.8192
4.8143
4.8338
4.8240
4.8143
4.8143
4.8143
4.8143
4.8192
4.8289
4.8143
4.8240
4.8094
4.8143
4.8338
4.8143
4.8192
4.8143
4.8094
4.8143
4.8045
4.8192
4.8240
4.8045
4.7898
4.7996
4.7849
4.7801
4.7752
4.7801
4.7654
4.7605
4.7507
4.7507
4.7361
4.7214
4.7214
4.6970
4.6872
4.6676
4.6676
4.6432
4.6334
4.6139
4.5992
4.5797
4.5699
4.5503
4.5406
4.5406
4.5455
4.5308
4.5455
4.5210
4.5161
4.5064
4.5064
4.4966
4.4819
4.4819
4.4575
4.4673
4.4526
4.4379
4.4233
4.4184
4.3988
4.3891
4.4233
4.4086
4.4135
4.3695
4.3548
4.2913
4.2571
4.2033
4.1691
4.1251
4.0958
4.0811
4.0909
4.0567
4.0176
3.9883
3.9492
3.9296
3.8807
3.8563
3.8172
3.8465
3.8465
3.8319
3.8319
3.7977
3.7928
3.7634
3.7537
3.7537
3.7146
3.6999
3.6950
3.7146
3.6804
3.6755
3.6559
3.6364
3.6364
3.6168
3.6022
3.5875
3.5973
3.5582
3.5386
3.5582
3.5582
3.5582
3.5435
3.5386
3.5337
3.5191
3.4897
3.4800
3.4409
3.3627
3.3822
3.3822
3.3773
3.3724
3.3627
3.3431
3.3138
3.3040
3.2942
3.2649
3.2845
3.2845
3.2600
3.2649
3.2258
3.2111
3.2063
3.2063
3.1818
3.1378
3.1281
3.0792
3.0254
2.9717
2.9619
2.9326
2.9423
2.9326
2.9521
2.9326
2.8935
2.8886
3.0254
2.9912
3.0596
3.0890
3.0938
3.1085
3.1183
3.0596
3.0352
3.0205
3.0596
3.0303
3.0205
3.0499
3.0303
2.9961
2.9912
2.9619
2.9570
2.9521
2.9032
2.9326
2.8446
2.8592
2.8397
2.7419
2.6931
2.7322
2.6931
2.7468
2.7126
2.7224
2.7761
2.7273
2.7322
2.6686
2.6344
2.6344
2.6051
2.6491
2.5269
2.5660
2.5122
2.4585
2.4976
2.4878
2.3949
2.3949
2.4829
2.4829
2.4927
2.4682
2.3998
2.3607
2.2385
2.1065
2.1065
2.2336
2.0430
2.3949
2.4633
2.1261
2.0723
2.0332
1.9746
1.9355
1.9844
1.9453
2.0479
2.0381
2.0332
2.0283
2.0430
2.0283
2.0528
2.0479
2.0968
2.1408
2.0870
2.0772
2.2336
2.2141
2.3363
2.3607
2.4194
2.4340
2.4927
2.6588
2.7370
2.6882
2.6931
2.7126
2.8788
3.0010
2.9814
3.1916
3.2747
3.2600
3.2307
3.2356
3.2942
3.3040
3.4946
3.5973
3.6559
3.6755
3.7048
3.6559
3.5973
3.6364
3.6755
3.7146
3.7928
3.7928
3.7537
3.9687
3.9687
4.0176
4.0567
4.0469
3.9638
3.9883
4.0078
4.0274
4.0665
4.0811
4.1056
4.1202
4.1447
4.1447
4.1691
4.1935
4.2131
4.2082
4.2229
4.2180
4.2326
4.2375
4.2620
4.2718
4.2815
4.2864
4.3206
4.3206
4.3255
4.3451
4.3695
4.3597
4.3597
4.3695
4.3793
4.3939
4.4037
4.4135
4.4428
4.4330
4.4477
4.4673
4.4526
4.4575
4.4819
4.4770
4.4917
4.4966
4.5015
4.5112
4.5161
4.5161
4.5259
4.5308
4.5357
4.5357
4.5455
4.5552
4.5650
4.5601
4.5748
4.5699
4.5748
4.5748
4.5797
4.5943
4.5943
4.6188
4.6041
4.6237
4.6090
4.6188
4.6285
4.6188
4.6334
4.6237
4.6432
4.6334
4.6579
4.6530
4.6432
4.6628
4.6481
4.6579
4.6481
4.6481
4.6530
4.6432
4.6628
4.6628
4.6676
4.6676
4.6725
4.6823
4.6774
4.6921
4.6872
4.6774
4.6921
4.6823
4.6970
4.6872
4.6970
4.7019
4.7067
4.7116
4.7214
4.6970
4.7165
4.7067
4.7116
4.7116
4.7214
4.7165
4.7410
4.7214
4.7312
4.7361
4.7312
4.7312
4.7410
4.7312
4.7410
4.7556
4.7507
4.7458
4.7703
4.7654
4.7507
4.7605
4.7458
4.7556
4.7507
4.7507
4.7703
4.7507
4.7556
4.7703
4.7556
4.7507
4.7654
4.7703
4.7654
4.7605
4.7654
4.7556
4.7654
4.7605
4.7654
4.7654
4.7703
4.7849
4.7654
4.7703
4.7801
4.7605
4.7654
4.7654
4.7752
4.7703
4.7801
4.7752
4.7898
4.7752
4.7801
4.7752
4.7801
4.7801
4.7849
4.7898
4.7996
4.7752
4.7801
4.7849
4.7996
4.7996
4.7996
4.7849
4.7898
4.8045
4.7898
4.7996
4.8094
4.7801
4.7898
4.7996
4.7898
4.7849
4.7898
4.7849
4.7898
4.7947
4.7752
4.7801
4.7898
4.7654
4.7703
4.7556
4.7556
4.7507
4.7507
4.7507
4.7458
4.7312
4.7410
4.7361
4.7312
4.7214
4.7312
4.7165
4.7263
4.7116
4.7067
4.7067
4.6970
4.6921
4.7019
4.6970
4.7019
4.7067
4.6823
4.6872
4.6970
4.6725
4.6774
4.6774
4.6823
4.6970
4.6872
4.6774
4.6970
4.6774
4.6774
4.6823
4.6725
4.6872
4.6725
4.6823
4.6725
4.6676
4.6676
4.6725
4.6579
4.6530
4.6628
4.6579
4.6579
4.6774
4.6579
4.6628
4.6676
4.6481
4.6628
4.6579
4.6530
4.6383
4.6579
4.6432
4.6432
4.6628
4.6432
4.6383
4.6383
4.6285
4.6334
4.6334
4.6432
4.6237
4.6237
4.6188
4.6334
4.6188
4.6237
4.6237
4.6188
4.6090
4.6188
4.6041
4.6237
4.6188
4.6041
4.5992
4.5943
4.6090
4.5943
4.5894
4.5846
4.5992
4.5748
4.5650
4.5699
4.5552
4.5552
4.5406
4.5357
4.5259
4.5308
4.5161
4.5112
4.5064
4.5112
4.5161
4.5112
4.5112
4.5210
4.5112
4.5259
4.5064
4.5064
4.4917
4.4966
4.4868
4.4917
4.4819
4.4868
4.4819
4.4917
4.5015
4.5064
4.4917
4.4868
4.5015
4.4966
4.4770
4.4819
4.4770
4.4917
4.4966
4.4770
4.4721
4.4624
4.4575
4.4526
4.4477
4.4428
4.4526
4.4282
4.4037
4.4086
4.3891
4.3891
4.3842
4.3793
4.3891
4.3646
4.3548
4.3548
4.3402
4.3206
4.3060
4.3060
4.2962
4.3109
4.2962
4.3011
4.2913
4.3011
4.2962
4.2864
4.2815
4.2766
4.2766
4.2815
4.2669
4.2718
4.2718
4.2766
4.2766
4.2620
4.2718
4.2571
4.2766
4.2669
4.2718
4.2766
4.2620
4.2620
4.2718
4.2669
4.2766
4.2620
4.2571
4.2620
4.2571
4.2669
4.2718
4.2669
4.2571
4.2718
4.2522
4.2571
4.2718
4.2669
4.2522
4.2620
4.2571
4.2669
4.2571
4.2522
4.2522
4.2571
4.2473
4.2620
4.2473
4.2571
4.2473
4.2620
4.2473
4.2522
4.2473
4.2522
4.2326
4.2326
4.2131
4.2326
4.2082
4.2131
4.2082
4.2082
4.2180
4.1984
4.1935
4.1789
4.1789
4.1593
4.1496
4.1593
4.1544
4.1496
4.1398
4.1496
4.1691
4.1398
4.1447
4.1300
4.1251
4.1398
4.1251
4.1349
4.1496
4.1349
4.1447
4.1544
4.1300
4.1349
4.1300
4.1300
4.1300
4.1349
4.1251
4.1349
4.1300
4.1251
4.1300
4.1202
4.1202
4.1300
4.1300
4.1251
4.1251
4.1251
4.1349
4.1447
4.1105
4.1202
4.1202
4.1153
4.1105
4.1202
4.0958
4.1007
4.0958
4.0958
4.0958
4.0860
4.0958
4.0811
4.0616
4.0567
4.0811
4.0714
4.0567
4.0665
4.0518
4.0616
4.0518
4.0469
4.0225
4.0225
4.0371
4.0371
4.0127
4.0225
4.0127
4.0274
4.0176
4.0323
4.0127
4.0176
3.9980
3.9785
3.9687
3.9541
3.9247
3.9247
3.9003
3.9198
3.9003
3.8905
3.8905
3.8856
3.9101
3.8905
3.8759
3.8807
3.8905
3.9101
3.8856
3.8807
3.8905
3.8905
3.8905
3.8905
3.8759
3.8905
3.8905
3.9101
3.9101
3.9101
3.8905
3.9101
3.9101
3.9101
3.8905
3.8759
3.8710
3.8710
3.8710
3.8710
3.8710
3.8710
3.8710
3.8710
3.8416
3.8319
3.8319
3.8416
3.8319
3.8319
3.8319
3.8172
3.8123
3.8123
3.8123
3.8123
3.7977
3.7928
3.7928
3.7928
3.7732
3.7977
3.7928
3.7928
3.8025
3.7634
3.7683
3.7634
3.7928
3.7732
3.7537
3.7732
3.7830
3.7732
3.7732
3.7732
3.7732
3.7928
3.7537
3.7537
3.7439
3.7537
3.7537
3.7537
3.7732
3.7537
3.7537
3.7537
3.7537
3.7537
3.7390
3.7537
3.7537
3.7537
3.7537
3.7537
3.7732
3.7537
3.7537
3.7537
3.7537
3.7586
3.7586
3.7928
3.7977
3.7928
3.8123
3.8319
3.8074
3.8123
3.8319
3.8319
3.8465
3.8710
3.8563
3.8710
3.8905
3.8905
3.9101
3.9101
3.9296
3.9296
3.9296
3.9296
3.9492
3.9492
3.9492
3.9785
3.9687
3.9687
3.9687
3.9687
3.9687
3.9883
3.9687
3.9883
3.9687
3.9883
3.9883
3.9883
3.9883
3.9883
3.9785
3.9687
3.9883
3.9883
3.9883
3.9736
3.9883
3.9883
3.9883
4.0078
3.9932
4.0078
4.0078
3.9980
3.9932
4.0078
4.0274
4.0323
4.0274
4.0274
4.0371
4.0176
4.0274
4.0371
4.0420
4.0420
4.0469
4.0469
4.0518
4.0518
4.0714
4.0714
4.0567
4.0665
4.0616
4.0714
4.0714
4.0616
4.0665
4.0714
4.0665
4.0762
4.0665
4.0762
4.0714
4.0714
4.0714
4.0665
4.0811
4.0860
4.0909
4.0762
4.0762
4.0714
4.0714
4.0909
4.0714
4.0665
4.0811
4.0616
4.0714
4.0616
4.0665
4.0665
4.0714
4.0567
4.0762
4.0567
4.0665
4.0762
4.0665
4.0616
4.0665
4.0616
4.0714
4.0567
4.0567
4.0567
4.0714
4.0567
4.0616
4.0665
4.0665
4.0811
4.0714
4.0860
4.0811
4.0860
4.0860
4.0909
4.0909
4.0958
4.1056
4.1105
4.1105
4.1153
4.1202
4.1105
4.1251
4.1105
4.1105
4.1202
4.1251
4.1251
4.1251
4.1251
4.1447
4.1349
4.1398
4.1544
4.1300
4.1398
4.1398
4.1398
4.1593
4.1593
4.1544
4.1544
4.1398
4.1398
4.1447
4.1398
4.1544
4.1398
4.1447
4.1447
4.1398
4.1593
4.1447
4.1398
4.1398
4.1496
4.1398
4.1398
4.1398
4.1398
4.1398
4.1544
4.1398
4.1447
4.1398
4.1398
4.1349
4.1398
4.1398
4.1544
4.1447
4.1398
4.1496
4.1496
4.1447
4.1447
4.1447
4.1398
4.1593
4.1447
4.1544
4.1544
4.1593
4.1496
4.1496
4.1447
4.1496
4.1691
4.1544
4.1544
4.1496
4.1447
4.1496
4.1496
4.1447
4.1447
4.1447
4.1398
4.1544
4.1398
4.1398
4.1398
4.1447
4.1349
4.1398
4.1398
4.1447
4.1398
4.1447
4.1398
4.1349
4.1349
4.1398
4.1300
4.1398
4.1496
4.1349
4.1349
4.1398
4.1398
4.1300
4.1300
4.1349
4.1300
4.1398
4.1349
4.1496
4.1300
4.1398
4.1447
4.1447
4.1251
4.1300
4.1251
4.1251
4.1202
4.1251
4.1349
4.1202
4.1056
4.1153
4.1007
4.0958
4.0958
4.0958
4.0909
4.0909
4.0860
4.0860
4.0958
4.0860
4.0909
4.0762
4.0762
4.0762
4.0909
4.0860
4.0811
4.0860
4.0958
4.0811
4.0714
4.0811
4.0762
4.0811
4.0860
4.1007
4.0811
4.0958
4.0860
4.0909
4.0860
4.0860
4.0811
4.0811
4.0811
4.0811
4.0958
4.0909
4.0860
4.0909
4.0860
4.1007
4.1056
4.0909
4.0958
4.1056
4.0860
4.1056
4.0909
4.1056
4.0909
4.0958
4.0909
4.1056
4.1105
4.1056
4.1056
4.1007
4.0958
4.1007
4.0958
4.0958
4.0909
4.1007
4.1056
4.1056
4.0958
4.1007
4.1105
4.1056
4.1153
4.1056
4.1153
4.1105
4.1007
4.1105
4.1007
4.1056
4.0860
4.0909
4.0958
4.1007
4.0860
4.0958
4.0958
4.0909
4.0811
4.0909
4.0860
4.0811
4.0811
4.0665
4.0762
4.0762
4.0665
4.0665
4.0714
4.0811
4.0518
4.0616
4.0518
4.0665
4.0518
4.0567
4.0518